0.310419967999999990571069 1688.963514099711574090179056
0.154254975999999988101052 3398.840112619770479795988649
0.120727295999999997833108 4342.746150795922403631266207
0.106651136000000007486577 4915.915757334267254918813705
0.097757567999999989138971 5363.144876926562574226409197
0.093206143999999990779060 5625.036907438206071674358100
0.087594112000000001749811 5985.425139077840867685154080
0.084548607999999997320018 6201.024622427847134531475604
0.083064191999999995030812 6311.841328691911257919855416
0.081575424000000007485056 6427.033710544978930556681007
ü
